Cislo,Obec,Volici v seznamu,Vydané obálky,Platné hlasy,Občanská demokratická strana,Řád národa - Vlastenecká unie,CESTA ODPOVĚDNÉ SPOLEČNOSTI,Česká str.sociálně demokrat.,Radostné Česko,STAROSTOVÉ A NEZÁVISLÍ,STAROSTOVÉ A NEZÁVISLÍ.1,Komunistická str.Čech a Moravy,Strana zelených,"ROZUMNÍ-stop migraci,diktát.EU",Strana svobodných občanů,Blok proti islam.-Obran.domova,Občanská demokratická aliance,Česká pirátská strana,Česká národní fronta,Referendum o Evropské unii,TOP 09,ANO 2011,Dobrá volba 2016,SPR-Republ.str.Čsl. M.Sládka,Křesť.demokr.unie-Čs.str.lid.,Česká strana národně sociální,REALISTÉ,SPORTOVCI,Dělnic.str.sociální spravedl.,Svob.a př.dem.-T.Okamura (SPD),Strana Práv Občanů
598011,Baška,3 093,2 065,2 065,175,1,1,124,1,49,49,192,21,12,21,1,0,216,0,0,44,665,2,9,194,1,16,7,3,293,5
1,598020,Bílá,285,178,178,19,0,0,14,0,10,10,21,3,1,0,1,0,12,1,0,3,52,0,0,15,0,3,0,0,23,0
2,511633,Bocanovice,358,197,197,20,0,0,32,0,3,3,13,3,1,0,0,0,18,0,1,1,45,0,0,43,0,0,0,0,17,0
3,598038,Brušperk,3 199,2 180,2 173,211,3,0,183,0,53,53,204,25,17,30,3,1,171,0,2,61,767,3,3,145,0,22,5,0,241,8
4,598046,Bruzovice,708,441,440,31,1,0,35,1,16,16,38,4,1,4,0,0,30,0,0,11,139,0,1,45,0,3,1,2,75,2
5,511935,Bukovec,1 052,628,628,31,0,0,51,0,67,67,16,1,3,1,0,0,46,0,1,12,121,0,0,200,1,0,3,2,70,0
6,598062,Bystřice,4 179,2 416,2 415,172,4,0,314,1,64,64,124,24,11,37,1,0,209,1,1,69,754,1,4,276,0,20,3,1,293,10
7,598071,Čeladná,2 378,1 638,1 635,173,2,1,108,3,60,60,113,23,13,26,0,2,140,0,0,65,442,101,1,122,0,14,4,0,206,7
8,598089,Dobrá,2 515,1 761,1 760,150,2,0,146,1,29,29,135,18,10,18,3,1,137,0,0,31,615,0,1,200,0,11,2,3,229,5
9,552542,Dobratice,991,678,678,57,0,1,48,6,20,20,46,12,2,17,0,1,84,0,1,11,203,1,1,69,0,6,3,2,83,0
10,598101,Dolní Domaslavice,1 070,618,618,67,1,0,31,0,11,11,54,10,1,11,0,1,53,0,1,7,195,1,0,52,1,4,1,1,110,1
11,511951,Dolní Lomná,725,381,381,29,1,1,43,0,14,14,12,2,3,6,0,1,19,0,0,2,109,0,0,73,0,3,0,2,56,2
12,552607,Dolní Tošanovice,280,174,174,5,0,0,18,1,6,6,9,3,6,3,1,0,11,0,0,4,44,0,2,25,0,1,0,1,34,0
13,598135,Fryčovice,1 942,1 288,1 286,82,4,1,126,2,31,31,138,17,5,13,2,2,98,2,0,32,448,2,4,98,0,6,4,2,154,6
14,598003,Frýdek-Místek,45 835,25 411,25 391,1 682,25,19,2 257,26,528,528,2 136,310,147,269,19,14,2 524,3,15,586,8 998,39,28,1 571,9,166,52,51,3 677,87
15,598143,Frýdlant nad Ostravicí,8 072,5 232,5 231,382,3,5,466,25,401,401,401,43,24,54,6,1,420,0,2,128,1 801,12,6,363,2,37,13,9,579,24
16,598160,Hnojník,1 208,769,769,50,0,0,71,2,10,10,46,2,2,6,1,0,48,0,0,13,264,1,1,114,1,3,0,0,109,22
17,512192,Horní Domaslavice,643,436,436,28,0,0,32,0,9,9,31,7,3,5,0,0,44,0,0,3,136,0,0,56,0,2,0,0,80,0
18,511986,Horní Lomná,336,197,196,7,0,0,21,0,9,9,6,2,2,1,0,0,9,0,0,5,62,0,3,52,0,0,0,0,14,2
19,552631,Horní Tošanovice,463,266,266,17,0,0,21,0,10,10,20,2,0,3,0,0,12,0,0,2,93,1,0,20,0,0,0,0,56,4
20,512176,Hrádek,1 478,905,905,63,0,0,133,0,52,52,57,7,7,7,1,0,68,0,5,10,294,0,1,106,0,6,0,1,77,3
21,598232,Hrčava,208,117,117,3,0,0,10,0,5,5,3,0,0,0,0,0,11,0,0,1,40,0,0,17,0,0,0,1,25,1
22,598691,Hukvaldy,1 684,1 141,1 141,104,1,2,97,2,34,34,119,9,5,4,0,2,99,0,0,38,371,1,1,118,0,5,0,5,115,5
23,598259,Jablunkov,4 502,2 395,2 395,148,2,1,364,6,74,74,115,24,8,21,4,4,166,0,0,37,637,0,3,483,1,21,2,3,251,7
